all,sb,arm,drive
21.44,21.44,2.68,42.59
42.59,16.15,29.8,51.7
16.15,20.74,29.16,40.84
51.7,18.39,5.2,14.93
2.73,9.27,17.2,50.92
20.74,17.91,29.96,44.87
40.84,28.89,16.4,30.37
2.68,4.36,17.41,21.42
18.39,4.25,5.52,33.83
9.27,3.96,36.31,51.2
14.93,3.99,12.1,39.59
17.91,4.26,10.45,37.83
29.8,4.34,11.58,38.31
28.89,4.37,39.24,36.0
4.36,2.76,8.17,34.35
4.25,13.54,9.28,119.79
3.96,7.01,9.86,37.48
3.99,10.64,14.44,26.15
4.26,8.1,105.64,40.02
4.34,23.39,16.98,48.31
4.37,30.47,12.4,78.39
2.76,18.6,29.51,34.45
50.92,25.12,16.03,20.75
13.54,12.03,5.15,34.48
44.87,23.76,33.05,40.92
7.01,20.66,7.72,17.14
10.64,25.62,7.83,27.63
8.1,15.89,34.2,35.63
30.37,13.71,6.91,48.11
23.39,43.31,45.74,41.14
30.47,22.69,3.4,57.49
21.42,71.17,4.11,57.65
2.15,25.35,18.02,12.91
18.6,5.42,13.12,44.83
25.12,20.57,110.06,39.17
29.16,21.77,6.17,29.21
5.2,22.89,31.82,36.9
12.03,30.9,10.46,48.18
33.83,6.49,12.15,67.7
51.2,5.23,3.17,35.45
0.98,24.65,13.95,75.84
23.76,2.36,17.5,38.1
17.2,6.99,30.74,34.62
20.66,16.07,51.57,38.49
39.59,24.24,3.33,38.79
25.62,18.74,14.65,32.1
15.89,8.38,9.85,44.8
13.71,36.53,34.9,46.45
43.31,11.72,42.38,56.31
37.83,25.98,5.76,42.66
22.69,15.59,3.17,36.42
71.17,8.62,24.55,50.74
25.35,12.17,8.06,30.29
5.42,14.44,16.66,26.29
29.96,24.52,34.49,41.53
2.52,8.08,8.15,91.48
16.4,8.45,7.2,41.6
17.41,28.11,22.05,58.83
38.31,21.4,3.17,26.34
20.57,20.46,18.81,70.17
21.77,2.93,41.11,38.73
22.89,14.09,6.51,47.57
36.0,21.68,46.36,52.89
5.52,12.22,33.02,31.63
30.9,8.03,12.6,28.62
6.49,15.27,11.18,41.81
5.23,5.36,14.9,55.11
24.65,14.77,7.43,39.01
36.31,10.36,10.86,25.63
2.36,20.06,21.22,74.6
6.99,0.78,31.8,25.22
16.07,12.36,4.3,31.41
12.1,10.81,17.25,37.25
24.24,34.8,31.8,7.55
10.45,25.67,25.2,37.58
34.35,4.46,33.99,44.56
11.58,30.41,28.77,48.87
18.74,21.57,11.49,42.13
10.69,9.98,20.92,27.04
9.95,3.54,30.51,29.14
39.24,10.91,15.08,26.33
8.38,11.36,35.68,39.58
36.53,10.5,20.26,17.94
11.72,10.44,16.67,43.1
6.03,11.42,9.48,32.07
25.98,12.16,34.24,37.41
30.23,16.92,19.51,18.27
8.17,24.22,56.93,29.49
15.59,34.62,14.89,36.35
26.93,17.0,63.33,59.02
9.28,21.23,7.42,38.07
8.62,6.12,34.07,42.23
9.86,11.04,8.43,40.12
12.17,31.9,41.39,25.65
14.44,13.84,8.26,32.43
16.73,19.83,22.52,39.41
217.95,13.83,33.12,22.98
3.46,13.77,26.17,58.72
24.52,8.26,21.76,42.16
15.38,15.91,27.74,42.64
8.08,8.34,18.07,31.2
8.45,37.72,31.68,8.38
14.44,35.17,31.72,24.92
2.69,6.25,38.16,47.21
28.11,13.19,48.49,7.52
21.4,35.97,48.72,40.87
5.92,10.03,21.9,11.16
20.46,26.32,31.41,41.03
19.28,7.49,24.11,94.14
2.93,9.07,16.74,33.89
14.09,7.48,23.61,43.82
33.23,8.47,44.29,22.46
9.01,11.53,4.12,27.8
21.68,20.57,17.42,36.44
34.59,8.82,18.31,49.72
12.22,5.71,12.95,41.13
8.03,6.97,41.4,25.41
15.27,4.91,41.2,46.1
5.36,2.95,10.95,40.71
14.77,20.86,14.96,7.28
105.64,0.6,8.25,190.25
16.98,7.73,22.3,30.4
10.36,4.02,11.22,55.0
3.57,7.41,5.3,29.06
4.13,4.95,28.24,31.2
119.79,12.75,4.47,69.34
12.4,8.99,12.59,27.62
1.99,21.95,23.87,43.62
20.06,49.64,4.15,73.39
0.78,17.5,22.18,69.11
3.03,21.84,8.14,39.84
12.36,9.15,13.56,33.25
10.81,6.5,10.71,42.46
34.8,18.03,35.22,52.79
25.67,5.45,6.38,43.17
29.51,1.36,42.98,62.95
16.03,5.6,7.6,42.68
37.48,18.59,3.94,40.17
5.15,33.87,34.24,30.42
4.46,2.4,44.36,48.55
30.41,5.01,26.84,51.71
26.15,2.4,6.99,41.33
2.65,2.6,11.62,70.05
21.57,13.91,16.86,37.44
9.98,9.0,38.24,46.45
4.03,22.39,7.63,13.36
3.15,13.24,15.61,41.89
3.54,16.19,33.37,10.93
3.15,5.38,14.18,30.0
10.91,20.55,16.16,35.95
11.36,30.31,34.8,43.66
3.15,15.11,2.63,47.16
10.5,12.59,14.92,37.28
3.14,7.86,27.61,45.44
10.44,4.69,29.32,41.17
3.15,7.74,5.4,15.04
3.03,12.81,22.67,38.63
11.42,20.99,17.94,37.41
3.15,38.74,64.11,34.64
12.16,31.76,22.36,35.33
16.92,9.95,16.87,40.41
33.05,7.9,0.54,33.82
7.72,29.51,12.04,46.02
7.83,22.51,17.89,43.78
24.22,64.79,43.08,32.3
34.62,25.05,6.31,6.5
34.2,20.42,18.76,39.68
6.91,16.76,3.14,36.09
17.0,15.63,12.52,38.71
45.74,17.15,26.51,37.22
19.18,23.91,63.11,23.22
3.4,20.26,18.76,33.97
21.23,19.12,12.42,32.68
40.02,3.29,16.68,4.28
4.11,28.15,9.01,54.03
7.56,6.35,18.89,35.26
18.02,3.78,12.03,9.66
13.12,20.68,18.35,10.84
6.12,3.81,17.42,9.52
11.04,3.77,15.96,72.33
110.06,3.35,16.79,11.42
31.9,5.87,20.32,97.16
13.84,3.63,23.78,57.97
48.31,3.79,26.48,80.72
6.17,21.32,2.26,13.27
31.82,24.86,31.4,9.85
19.83,4.75,49.11,23.07
78.39,26.1,29.01,15.64
10.46,34.55,14.42,7.27
12.15,24.68,16.35,45.74
13.83,36.87,53.8,55.94
34.45,18.34,70.94,17.77
3.17,8.51,15.48,24.09
26.72,17.24,11.91,45.24
13.95,27.59,3.45,44.06
13.77,23.66,17.42,22.5
20.75,15.3,37.3,52.52
8.26,24.22,101.24,34.82
17.5,1.61,30.9,50.03
15.91,15.57,26.61,30.4
34.48,18.47,16.87,33.98
8.34,27.37,12.32,44.44
37.72,16.31,13.08,30.44
35.17,17.71,50.37,56.73
30.74,14.33,143.79,49.63
6.25,16.0,85.94,97.65
51.57,28.11,50.91,41.86
13.19,29.16,32.31,34.75
40.92,5.51,4.78,40.44
3.33,6.87,38.73,34.14
35.97,10.8,5.54,2.88
14.65,3.16,17.85,5.58
10.03,3.37,4.07,43.01
17.14,2.1,24.01,39.09
26.32,4.52,4.28,56.16
9.85,14.06,55.2,50.55
7.49,20.03,42.86,35.0
27.63,24.32,11.45,40.64
9.07,23.37,31.84,45.18
34.9,0.52,3.57,48.38
7.48,14.63,58.66,48.26
42.38,25.65,10.37,22.98
5.76,6.95,11.74,
8.47,2.96,44.5,
35.63,4.07,6.99,
3.17,5.69,26.42,
11.53,26.65,64.96,
24.55,11.76,16.89,
20.57,21.06,12.01,
48.11,18.33,22.88,
8.06,2.09,3.78,
8.82,31.1,29.85,
5.71,39.22,7.82,
6.97,27.56,3.66,
4.91,22.71,17.88,
16.66,3.59,19.32,
2.95,7.64,40.83,
24.38,37.98,21.6,
41.14,7.66,22.07,
20.86,13.88,16.6,
0.6,8.59,18.72,
7.73,8.48,21.77,
4.02,14.43,20.0,
34.49,20.81,43.91,
7.41,9.23,4.38,
8.15,18.92,19.59,
57.49,25.11,14.73,
7.2,22.18,27.49,
4.95,23.56,27.84,
22.05,2.53,18.41,
12.75,4.82,14.41,
57.65,29.36,19.27,
3.17,11.45,7.37,
8.99,17.44,23.81,
18.81,13.38,28.43,
21.95,9.28,7.94,
49.64,18.39,3.62,
2.98,27.64,27.81,
17.5,8.44,10.95,
6.38,26.36,50.95,
21.84,24.59,32.51,
41.11,32.58,8.44,
11.26,35.23,61.26,
6.51,17.72,18.22,
46.36,8.28,25.97,
9.15,18.01,13.65,
4.53,20.8,37.9,
6.5,20.19,40.65,
18.03,12.22,10.02,
33.02,27.74,21.05,
5.45,9.47,262.41,
12.6,23.62,48.15,
11.18,25.45,8.12,
1.36,10.33,24.55,
5.6,18.62,24.04,
14.9,31.67,270.92,
18.59,7.61,38.58,
33.87,29.43,45.46,
2.4,17.7,26.13,
5.01,15.4,18.19,
9.83,22.18,12.09,
2.4,35.23,25.3,
2.6,29.44,24.01,
7.43,6.19,11.43,
13.91,27.17,11.21,
12.91,7.73,26.26,
5.02,4.01,4.04,
9.0,12.57,18.22,
10.86,18.41,17.23,
44.83,7.93,4.52,
22.39,17.35,16.43,
13.24,17.5,4.37,
21.22,16.39,22.46,
16.19,5.86,16.63,
31.8,15.95,9.45,
10.0,23.82,31.2,
5.38,24.43,5.01,
20.55,11.7,30.77,
39.17,3.89,19.57,
4.3,18.45,4.84,
30.31,23.09,27.8,
17.25,16.41,24.16,
31.8,15.67,3.42,
25.2,17.7,3.98,
15.11,14.06,24.23,
29.21,12.61,19.48,
12.59,18.75,12.45,
4.95,8.28,15.67,
7.86,17.45,5.55,
36.9,5.57,12.45,
4.69,13.54,5.42,
7.74,22.28,29.67,
4.95,10.48,22.21,
12.81,19.28,11.69,
48.18,10.05,4.02,
20.99,9.02,6.56,
3.63,6.68,16.78,
3.63,12.26,54.19,
38.74,0.14,19.46,
31.76,15.0,7.02,
33.99,6.74,197.98,
9.95,3.1,26.41,
1.87,25.29,31.74,
28.77,15.71,7.73,
67.7,32.18,13.52,
11.49,24.7,14.54,
7.9,8.57,38.7,
35.45,22.32,11.42,
29.51,19.75,10.62,
22.51,3.94,15.21,
20.92,11.4,42.33,
1.56,19.56,11.96,
30.51,15.38,22.55,
1.53,5.74,4.61,
64.79,9.78,8.08,
25.05,3.06,25.92,
75.84,20.81,31.54,
6.64,14.21,22.49,
15.08,37.88,13.76,
20.42,10.37,20.54,
16.76,10.45,3.91,
35.68,22.81,68.04,
15.63,5.51,10.95,
5.64,7.77,31.53,
6.61,22.37,227.35,
10.09,15.26,33.55,
2.57,17.75,41.28,
2.35,22.99,8.18,
3.77,21.61,12.64,
20.26,15.99,4.2,
17.15,7.59,14.46,
3.79,10.46,3.79,
3.75,9.98,36.92,
3.42,22.69,232.15,
7.56,8.35,31.77,
3.77,2.67,12.8,
3.77,7.9,14.74,
23.91,16.93,13.93,
2.07,5.76,31.8,
3.8,7.01,4.28,
3.45,14.45,55.59,
20.26,24.18,10.9,
19.12,11.04,170.57,
3.29,7.05,20.49,
28.15,17.44,17.92,
6.35,12.91,14.77,
3.78,41.11,9.99,
20.68,91.49,116.88,
3.81,15.78,25.46,
3.77,8.88,29.34,
16.67,10.81,20.31,
3.35,12.25,6.49,
5.87,9.01,39.1,
3.63,14.57,22.71,
3.79,41.53,6.54,
21.32,15.95,10.04,
38.1,2.22,17.61,
9.48,24.68,4.1,
24.86,0.8,32.62,
5.07,14.68,3.34,
4.75,11.8,4.62,
34.24,18.74,20.18,
26.1,35.87,17.81,
34.62,20.0,11.98,
34.55,8.31,33.54,
19.51,11.05,9.65,
56.93,10.51,3.87,
24.68,26.93,57.28,
38.49,10.18,183.61,
36.87,20.02,37.05,
18.34,13.02,8.43,
8.51,40.5,26.38,
14.89,8.08,58.3,
4.91,7.57,18.09,
63.33,6.91,35.98,
2.12,8.5,8.26,
38.79,26.17,16.05,
17.24,20.33,14.22,
32.1,35.27,11.06,
7.42,3.47,7.69,
27.59,32.76,8.51,
18.19,32.12,5.05,
23.66,10.18,12.77,
2.34,6.94,16.3,
2.52,16.95,4.61,
34.07,15.11,5.05,
2.46,28.74,7.09,
8.43,38.8,13.34,
15.3,22.71,8.52,
41.39,13.67,19.78,
2.49,9.16,172.8,
8.26,11.58,36.69,
1.57,9.54,6.36,
22.52,15.55,14.03,
44.8,16.35,15.49,
24.22,26.28,45.34,
1.61,6.18,11.5,
33.12,58.76,13.49,
8.17,15.11,11.44,
8.17,12.94,19.99,
26.17,16.1,13.67,
15.57,9.44,3.21,
46.45,25.92,11.35,
56.31,8.96,11.56,
18.47,4.13,19.74,
42.66,3.06,2.99,
27.37,17.06,10.14,
16.31,12.08,16.43,
21.76,14.11,10.09,
7.85,6.19,16.65,
17.71,24.01,8.77,
31.62,12.25,12.49,
36.42,17.93,5.51,
14.33,5.79,52.77,
16.0,30.4,3.44,
50.74,5.1,32.99,
10.97,17.2,6.77,
28.11,16.11,3.8,
29.16,10.72,14.16,
27.74,9.2,10.96,
24.89,6.07,23.28,
5.51,9.27,40.01,
30.29,23.89,11.6,
18.07,25.66,9.37,
6.87,13.98,14.26,
10.8,16.45,25.91,
3.16,22.31,18.08,
3.37,9.51,2.27,
2.1,105.49,11.07,
31.68,22.68,5.58,
31.72,3.81,10.07,
4.52,49.78,48.39,
38.16,7.38,8.74,
48.49,8.01,120.58,
14.06,11.83,29.33,
48.72,19.46,6.78,
20.03,8.87,41.8,
24.32,35.82,33.95,
23.37,22.84,15.17,
1.43,14.47,10.92,
21.9,21.04,8.29,
2.88,17.17,25.96,
0.52,15.69,20.36,
14.63,7.51,121.91,
25.65,11.92,24.13,
6.95,27.7,29.91,
5.72,13.1,14.11,
5.07,20.69,12.84,
2.96,5.23,27.6,
31.41,11.67,,
4.07,18.16,,
5.69,8.5,,
26.29,26.93,,
26.65,23.46,,
11.76,8.75,,
21.06,57.94,,
24.11,5.41,,
5.85,14.68,,
41.53,11.09,,
18.33,16.56,,
2.09,24.09,,
31.1,9.78,,
91.48,21.8,,
39.22,21.25,,
27.56,29.88,,
41.6,6.33,,
16.74,11.19,,
22.71,19.74,,
3.59,21.18,,
7.64,31.27,,
37.98,3.35,,
23.61,16.2,,
26.8,16.86,,
58.83,8.93,,
7.66,24.72,,
13.88,2.41,,
8.59,36.59,,
44.29,4.94,,
8.48,47.68,,
14.43,31.52,,
26.34,0.75,,
20.81,8.12,,
9.23,6.18,,
70.17,13.73,,
18.92,10.1,,
25.11,18.85,,
38.73,11.23,,
4.12,21.14,,
22.18,8.48,,
23.56,21.45,,
2.53,16.61,,
6.26,7.06,,
4.82,25.66,,
29.36,26.36,,
17.42,3.52,,
47.57,30.63,,
11.45,5.98,,
17.44,10.89,,
18.31,7.36,,
13.38,19.0,,
52.89,39.81,,
9.28,11.32,,
18.39,19.08,,
31.63,3.86,,
27.64,1.35,,
12.95,13.4,,
8.44,52.72,,
28.62,16.85,,
26.36,24.02,,
24.59,24.35,,
41.4,17.07,,
32.58,11.72,,
35.23,13.82,,
41.2,27.48,,
17.72,5.69,,
24.81,22.09,,
8.28,5.84,,
41.81,6.17,,
18.01,16.41,,
20.8,9.72,,
55.11,21.47,,
20.19,8.12,,
10.95,13.12,,
12.22,14.94,,
39.01,9.51,,
27.74,6.86,,
3.19,18.71,,
14.96,27.38,,
9.47,15.77,,
25.63,12.51,,
23.62,41.5,,
25.45,4.83,,
8.25,18.19,,
22.3,14.7,,
11.22,5.65,,
10.33,24.94,,
5.3,5.98,,
18.62,22.18,,
28.24,17.53,,
4.47,16.04,,
31.67,13.38,,
74.6,17.62,,
7.74,16.7,,
18.87,14.59,,
12.59,9.75,,
7.61,13.92,,
25.22,19.33,,
15.48,13.02,,
7.43,24.78,,
5.13,9.86,,
29.43,21.22,,
23.87,7.24,,
3.95,2.07,,
17.7,2.52,,
15.4,26.17,,
31.41,9.91,,
8.19,18.44,,
4.15,17.15,,
22.18,5.28,,
35.23,10.2,,
29.44,13.02,,
4.93,17.71,,
22.18,10.92,,
8.14,9.93,,
6.19,29.81,,
37.25,64.24,,
21.34,57.32,,
27.17,6.35,,
7.73,11.96,,
13.56,7.73,,
4.01,13.86,,
12.57,12.13,,
7.55,42.29,,
18.41,5.46,,
10.71,20.19,,
7.93,30.89,,
37.58,31.95,,
17.35,12.96,,
17.5,7.27,,
35.22,19.89,,
16.39,22.24,,
44.56,3.46,,
5.86,12.64,,
15.95,23.33,,
23.82,6.08,,
48.87,32.43,,
24.43,8.89,,
11.7,6.43,,
3.89,8.44,,
18.45,22.16,,
42.13,5.36,,
6.38,5.3,,
23.09,5.12,,
16.41,5.26,,
15.67,5.4,,
42.98,13.58,,
7.6,2.92,,
17.7,22.19,,
27.04,17.27,,
14.06,17.11,,
12.61,9.33,,
29.14,18.66,,
3.94,40.11,,
18.75,18.61,,
8.28,10.39,,
34.24,23.39,,
44.36,10.09,,
17.45,28.24,,
26.84,17.73,,
5.57,8.18,,
6.99,15.16,,
13.54,17.91,,
26.33,22.37,,
16.64,32.8,,
22.28,6.63,,
39.58,26.08,,
20.8,14.4,,
11.62,19.44,,
10.48,53.79,,
17.94,13.86,,
21.2,15.85,,
19.28,1.1,,
43.1,3.68,,
32.05,1.11,,
16.86,1.11,,
10.05,1.1,,
32.07,1.09,,
7.01,2.05,,
3.02,1.12,,
9.02,1.11,,
37.41,15.52,,
6.68,9.72,,
12.26,23.27,,
38.24,1.83,,
0.14,6.0,,
7.63,20.19,,
15.0,18.29,,
18.27,19.39,,
11.51,18.35,,
15.61,21.86,,
6.74,21.52,,
29.49,9.59,,
16.39,25.12,,
3.1,5.7,,
25.29,17.49,,
36.35,28.68,,
6.89,8.99,,
15.71,5.63,,
33.37,15.3,,
2.74,21.62,,
28.7,5.35,,
59.02,15.97,,
32.18,16.55,,
14.18,4.97,,
24.7,24.66,,
38.07,29.47,,
1.23,28.32,,
8.57,14.33,,
22.32,32.75,,
16.16,18.87,,
19.75,31.78,,
3.94,6.24,,
42.23,20.46,,
11.4,5.46,,
19.56,18.26,,
34.8,6.25,,
2.63,6.01,,
15.38,29.48,,
40.12,6.39,,
5.74,7.4,,
9.78,18.84,,
3.06,0.94,,
14.92,13.05,,
20.81,8.77,,
25.65,6.0,,
14.21,0.99,,
37.88,9.83,,
21.67,0.99,,
27.61,1.0,,
2.27,11.35,,
10.37,9.4,,
10.45,16.7,,
6.57,12.67,,
29.32,16.27,,
5.4,6.58,,
22.81,12.78,,
5.51,6.71,,
7.77,18.32,,
32.43,8.09,,
22.37,6.38,,
22.67,2.69,,
15.26,8.72,,
39.41,18.55,,
17.94,16.71,,
17.75,10.41,,
22.98,14.62,,
8.06,30.05,,
22.99,8.74,,
64.11,13.89,,
21.61,18.1,,
22.36,3.31,,
58.72,17.88,,
15.99,3.82,,
42.16,10.74,,
18.16,4.29,,
7.59,15.98,,
16.87,12.48,,
10.46,16.7,,
42.64,20.68,,
18.23,34.47,,
9.98,6.47,,
31.2,26.98,,
20.7,25.43,,
22.69,12.93,,
8.35,24.73,,
2.67,40.16,,
7.9,24.08,,
16.93,16.1,,
5.76,22.65,,
7.01,31.16,,
14.45,15.77,,
2.82,12.6,,
24.18,8.61,,
0.54,25.69,,
12.04,28.4,,
8.38,8.44,,
17.89,5.17,,
11.04,20.24,,
24.92,19.78,,
7.05,76.77,,
17.44,4.25,,
12.91,17.69,,
41.11,11.09,,
43.08,60.57,,
6.31,26.25,,
91.49,16.78,,
15.78,10.29,,
47.21,14.82,,
18.76,15.05,,
8.88,4.94,,
7.52,22.69,,
10.81,10.29,,
40.87,11.71,,
3.14,7.87,,
12.25,10.02,,
7.32,6.15,,
12.52,21.6,,
9.01,6.12,,
11.16,16.26,,
8.92,20.24,,
14.57,3.49,,
41.03,3.44,,
41.53,3.12,,
15.95,6.49,,
2.22,25.96,,
26.51,6.58,,
24.68,31.34,,
0.8,2.43,,
63.11,7.18,,
94.14,3.44,,
18.76,24.5,,
33.89,1.19,,
18.1,19.18,,
14.68,6.11,,
43.82,21.2,,
12.42,24.71,,
11.8,17.83,,
22.46,22.42,,
16.68,38.59,,
18.74,7.6,,
27.8,27.45,,
35.87,21.21,,
20.0,14.99,,
8.31,10.42,,
9.01,15.64,,
20.78,7.02,,
36.44,2.24,,
18.89,26.19,,
11.05,2.83,,
49.72,34.16,,
10.51,10.03,,
12.03,21.25,,
26.93,14.98,,
10.18,5.82,,
41.13,31.13,,
20.02,8.52,,
3.02,23.41,,
13.02,16.07,,
40.5,29.37,,
18.35,30.79,,
17.42,8.39,,
8.08,23.33,,
15.96,16.02,,
16.79,6.54,,
7.57,30.67,,
25.41,25.92,,
6.91,16.7,,
8.5,4.11,,
6.96,12.43,,
20.32,15.56,,
26.17,11.73,,
46.1,8.2,,
20.33,23.69,,
35.27,1.83,,
3.47,16.26,,
32.76,7.56,,
32.12,6.46,,
10.18,8.41,,
6.94,24.47,,
16.95,11.52,,
15.11,15.46,,
28.74,4.98,,
17.37,21.8,,
38.8,17.07,,
22.71,41.44,,
23.78,5.25,,
13.67,4.49,,
9.16,17.59,,
11.58,17.43,,
26.48,10.41,,
2.26,17.91,,
9.54,1.53,,
40.71,3.01,,
15.55,8.5,,
31.4,2.71,,
16.35,2.47,,
7.28,20.61,,
41.73,17.55,,
26.28,8.19,,
49.11,13.19,,
6.18,7.97,,
29.01,9.79,,
58.76,8.84,,
190.25,15.69,,
1.91,7.81,,
15.11,4.34,,
30.4,9.85,,
16.94,4.71,,
12.94,3.53,,
55.0,8.91,,
14.42,4.35,,
16.1,20.49,,
29.06,16.33,,
12.35,5.11,,
16.35,11.88,,
9.44,29.49,,
31.2,19.06,,
19.17,6.21,,
25.92,10.15,,
53.8,0.81,,
8.96,12.9,,
70.94,13.92,,
15.48,5.52,,
9.48,19.55,,
69.34,7.79,,
4.13,14.12,,
11.91,12.64,,
3.06,9.65,,
27.62,13.91,,
17.06,10.1,,
3.45,16.44,,
43.62,6.81,,
12.08,5.18,,
17.42,11.86,,
13.49,8.74,,
37.3,11.45,,
101.24,14.44,,
3.02,19.2,,
14.11,11.72,,
30.9,13.65,,
6.19,1.97,,
24.01,6.34,,
12.25,7.68,,
17.93,9.75,,
73.39,14.31,,
5.79,9.01,,
30.4,18.2,,
5.1,5.22,,
17.2,7.66,,
26.61,11.65,,
69.11,13.28,,
16.11,1.28,,
10.72,19.57,,
16.87,4.12,,
9.2,17.04,,
39.84,2.2,,
6.07,10.4,,
9.27,12.27,,
23.89,6.53,,
12.32,10.71,,
33.25,17.68,,
5.72,10.73,,
25.66,12.53,,
13.98,15.04,,
16.45,13.25,,
13.08,16.63,,
50.37,7.51,,
22.31,8.44,,
8.36,11.59,,
9.51,5.05,,
143.79,10.75,,
85.94,9.28,,
105.49,2.79,,
5.76,9.93,,
1.99,11.11,,
50.91,9.48,,
11.02,6.61,,
22.68,11.06,,
3.81,2.76,,
49.78,16.61,,
32.31,2.5,,
28.75,10.95,,
27.29,16.75,,
4.78,1.17,,
7.38,10.89,,
42.46,16.28,,
8.01,5.4,,
38.73,6.09,,
5.54,8.25,,
11.83,38.12,,
19.46,8.87,,
6.16,15.95,,
8.87,16.15,,
52.79,13.79,,
35.82,7.39,,
17.85,6.35,,
43.17,4.88,,
4.07,10.53,,
10.2,14.04,,
22.84,14.51,,
24.01,14.8,,
4.28,4.59,,
14.47,15.15,,
62.95,14.91,,
21.04,6.34,,
55.2,26.23,,
17.17,10.74,,
5.65,9.82,,
15.69,7.4,,
42.68,17.05,,
7.51,12.57,,
11.92,6.3,,
42.86,16.23,,
27.7,8.72,,
13.1,23.62,,
40.17,20.26,,
10.2,12.96,,
11.45,14.54,,
20.69,23.97,,
5.23,9.95,,
31.84,10.41,,
6.02,4.33,,
7.36,16.34,,
3.57,6.87,,
11.67,2.61,,
58.66,2.55,,
5.62,21.71,,
3.02,19.55,,
3.02,29.31,,
18.16,7.0,,
10.37,1.58,,
8.5,22.26,,
26.93,15.09,,
56.23,5.54,,
9.73,9.39,,
23.46,14.22,,
11.74,1.7,,
8.75,6.96,,
30.42,7.1,,
57.94,3.83,,
5.41,5.35,,
14.68,2.84,,
11.09,13.88,,
48.55,2.2,,
16.56,6.21,,
44.5,12.68,,
3.91,14.07,,
24.09,14.06,,
9.78,10.83,,
51.71,15.58,,
11.28,4.23,,
21.8,13.84,,
6.99,4.35,,
39.98,8.96,,
26.42,7.58,,
21.25,20.25,,
5.09,2.7,,
29.88,9.19,,
64.96,4.32,,
6.33,8.36,,
2.03,14.62,,
8.34,9.35,,
42.73,10.33,,
9.5,18.04,,
11.19,25.07,,
16.89,3.42,,
19.74,16.73,,
21.18,4.74,,
31.27,8.95,,
12.01,5.29,,
3.35,16.81,,
16.2,11.28,,
22.88,2.81,,
16.86,5.16,,
3.78,12.35,,
8.93,13.61,,
39.8,,,
3.1,,,
24.72,,,
29.85,,,
7.87,,,
2.41,,,
36.59,,,
2.02,,,
4.94,,,
6.35,,,
1.98,,,
47.68,,,
31.52,,,
1.58,,,
0.75,,,
8.12,,,
41.33,,,
7.82,,,
14.89,,,
3.46,,,
1.49,,,
6.18,,,
13.73,,,
1.49,,,
10.1,,,
2.17,,,
18.85,,,
11.23,,,
21.14,,,
1.49,,,
8.48,,,
21.45,,,
16.61,,,
1.49,,,
7.06,,,
1.46,,,
25.66,,,
3.66,,,
26.36,,,
17.88,,,
3.52,,,
10.66,,,
6.55,,,
1.62,,,
30.63,,,
19.32,,,
40.83,,,
5.98,,,
10.89,,,
21.6,,,
7.36,,,
19.0,,,
39.81,,,
11.32,,,
19.08,,,
22.07,,,
3.86,,,
1.35,,,
70.05,,,
13.4,,,
52.72,,,
16.6,,,
16.85,,,
18.72,,,
24.02,,,
24.35,,,
21.77,,,
20.0,,,
347.4,,,
17.07,,,
11.72,,,
13.82,,,
43.91,,,
4.38,,,
27.48,,,
19.59,,,
5.69,,,
37.44,,,
14.73,,,
11.73,,,
22.09,,,
27.49,,,
1.91,,,
46.45,,,
5.84,,,
6.17,,,
27.84,,,
16.41,,,
18.41,,,
9.72,,,
36.11,,,
21.47,,,
14.41,,,
8.12,,,
37.03,,,
13.12,,,
19.27,,,
2.03,,,
7.37,,,
14.94,,,
5.85,,,
9.51,,,
13.36,,,
5.23,,,
6.86,,,
23.81,,,
18.71,,,
41.89,,,
19.19,,,
27.38,,,
15.77,,,
12.51,,,
28.43,,,
7.94,,,
41.5,,,
3.02,,,
4.83,,,
18.19,,,
142.98,,,
14.7,,,
5.65,,,
24.94,,,
3.62,,,
20.1,,,
5.98,,,
22.18,,,
1.73,,,
0.92,,,
10.93,,,
27.81,,,
10.6,,,
10.95,,,
17.53,,,
50.95,,,
16.04,,,
13.38,,,
32.51,,,
8.44,,,
17.62,,,
16.7,,,
14.59,,,
61.26,,,
18.22,,,
9.75,,,
13.92,,,
19.33,,,
25.97,,,
13.02,,,
13.65,,,
37.9,,,
24.78,,,
40.65,,,
10.02,,,
21.05,,,
9.86,,,
21.22,,,
7.24,,,
2.07,,,
2.52,,,
262.41,,,
26.17,,,
48.15,,,
8.12,,,
9.91,,,
24.55,,,
24.04,,,
7.49,,,
18.44,,,
17.15,,,
5.28,,,
10.2,,,
13.02,,,
270.92,,,
38.58,,,
17.71,,,
45.46,,,
10.92,,,
9.93,,,
30.0,,,
53.05,,,
29.81,,,
35.95,,,
64.24,,,
57.32,,,
6.35,,,
11.96,,,
26.13,,,
49.05,,,
9.7,,,
7.73,,,
13.86,,,
1.83,,,
1.69,,,
18.19,,,
12.13,,,
43.66,,,
8.95,,,
42.29,,,
5.46,,,
12.09,,,
20.19,,,
47.16,,,
30.89,,,
31.95,,,
25.3,,,
24.01,,,
12.96,,,
37.28,,,
7.27,,,
19.89,,,
13.15,,,
22.24,,,
45.44,,,
3.46,,,
12.64,,,
41.17,,,
18.24,,,
23.33,,,
6.08,,,
11.43,,,
11.21,,,
26.26,,,
1.39,,,
4.04,,,
32.43,,,
8.89,,,
6.43,,,
15.04,,,
8.44,,,
38.63,,,
25.85,,,
22.16,,,
5.36,,,
18.22,,,
5.3,,,
5.12,,,
17.23,,,
5.26,,,
5.4,,,
13.58,,,
4.52,,,
2.92,,,
22.19,,,
37.41,,,
11.8,,,
17.27,,,
16.43,,,
4.37,,,
17.11,,,
10.07,,,
9.33,,,
2.79,,,
18.66,,,
40.11,,,
18.61,,,
10.39,,,
34.64,,,
15.03,,,
23.39,,,
22.46,,,
16.63,,,
10.09,,,
35.33,,,
5.07,,,
28.24,,,
9.45,,,
31.2,,,
17.73,,,
8.18,,,
40.41,,,
5.01,,,
15.16,,,
17.91,,,
30.77,,,
22.37,,,
19.57,,,
32.8,,,
33.82,,,
4.84,,,
6.63,,,
26.08,,,
2.71,,,
1.86,,,
14.4,,,
27.8,,,
24.16,,,
3.42,,,
19.44,,,
53.79,,,
3.98,,,
13.86,,,
3.66,,,
15.85,,,
1.1,,,
3.68,,,
24.23,,,
1.11,,,
1.11,,,
1.1,,,
1.09,,,
32.29,,,
2.05,,,
1.12,,,
19.48,,,
1.11,,,
46.02,,,
10.38,,,
15.52,,,
2.25,,,
1.95,,,
9.72,,,
23.27,,,
12.45,,,
1.83,,,
43.78,,,
18.68,,,
2.45,,,
1.94,,,
6.0,,,
3.03,,,
20.19,,,
15.67,,,
18.29,,,
32.3,,,
19.39,,,
18.35,,,
21.86,,,
6.5,,,
5.8,,,
21.52,,,
9.59,,,
25.12,,,
5.55,,,
39.68,,,
1.95,,,
1.36,,,
6.84,,,
5.7,,,
17.49,,,
28.68,,,
8.99,,,
12.45,,,
5.63,,,
36.09,,,
20.63,,,
15.3,,,
38.71,,,
30.32,,,
21.62,,,
37.22,,,
22.44,,,
5.42,,,
5.35,,,
23.22,,,
12.01,,,
2.57,,,
1.94,,,
15.97,,,
33.97,,,
22.07,,,
16.55,,,
4.97,,,
32.68,,,
24.66,,,
29.67,,,
22.21,,,
7.99,,,
11.69,,,
29.47,,,
6.09,,,
4.02,,,
28.32,,,
7.7,,,
7.73,,,
4.28,,,
14.33,,,
54.03,,,
32.75,,,
18.87,,,
35.26,,,
9.68,,,
31.78,,,
6.56,,,
16.78,,,
6.24,,,
54.19,,,
19.46,,,
3.38,,,
5.44,,,
7.02,,,
20.46,,,
2.56,,,
1.95,,,
5.46,,,
197.98,,,
26.41,,,
18.26,,,
31.74,,,
5.48,,,
6.25,,,
6.01,,,
29.48,,,
7.73,,,
6.39,,,
7.4,,,
18.84,,,
0.94,,,
1.99,,,
3.89,,,
2.01,,,
13.05,,,
1.99,,,
13.52,,,
8.77,,,
6.0,,,
3.22,,,
0.99,,,
1.97,,,
9.83,,,
2.24,,,
1.94,,,
0.99,,,
2.8,,,
1.0,,,
11.35,,,
14.54,,,
9.4,,,
16.7,,,
12.67,,,
16.27,,,
38.7,,,
6.58,,,
12.78,,,
6.71,,,
1.99,,,
18.32,,,
8.09,,,
6.38,,,
2.69,,,
8.72,,,
18.55,,,
1.8,,,
16.71,,,
10.41,,,
26.77,,,
2.53,,,
2.41,,,
14.62,,,
30.05,,,
8.74,,,
11.42,,,
10.62,,,
13.89,,,
15.21,,,
42.33,,,
18.1,,,
3.31,,,
17.88,,,
3.82,,,
10.74,,,
11.96,,,
4.29,,,
75.56,,,
14.76,,,
15.98,,,
12.48,,,
9.66,,,
16.7,,,
20.68,,,
10.84,,,
28.27,,,
34.47,,,
6.47,,,
9.52,,,
26.98,,,
25.43,,,
22.55,,,
12.93,,,
4.61,,,
24.73,,,
3.62,,,
72.33,,,
5.53,,,
40.16,,,
8.08,,,
2.55,,,
11.42,,,
24.08,,,
97.16,,,
16.1,,,
22.65,,,
8.65,,,
31.16,,,
15.77,,,
12.6,,,
57.97,,,
19.19,,,
8.61,,,
25.69,,,
28.4,,,
25.92,,,
31.54,,,
8.44,,,
5.17,,,
20.24,,,
22.49,,,
80.72,,,
19.78,,,
76.77,,,
4.25,,,
17.69,,,
11.09,,,
13.27,,,
60.57,,,
26.25,,,
16.78,,,
13.76,,,
10.29,,,
9.85,,,
2.68,,,
1.95,,,
20.54,,,
14.82,,,
23.07,,,
3.91,,,
16.87,,,
15.05,,,
68.04,,,
4.94,,,
10.95,,,
22.69,,,
10.29,,,
11.71,,,
7.87,,,
31.53,,,
10.02,,,
227.35,,,
6.15,,,
21.6,,,
6.12,,,
33.55,,,
41.28,,,
16.26,,,
46.67,,,
20.24,,,
3.49,,,
3.44,,,
3.12,,,
15.64,,,
14.92,,,
6.49,,,
25.96,,,
8.18,,,
6.58,,,
6.32,,,
31.34,,,
12.64,,,
7.27,,,
4.2,,,
14.46,,,
2.43,,,
45.74,,,
3.79,,,
7.18,,,
36.92,,,
3.44,,,
232.15,,,
24.5,,,
1.19,,,
19.18,,,
6.11,,,
31.77,,,
6.19,,,
12.8,,,
21.2,,,
55.94,,,
24.71,,,
14.74,,,
17.83,,,
22.42,,,
38.59,,,
7.6,,,
27.45,,,
21.21,,,
14.99,,,
13.93,,,
1.31,,,
31.8,,,
10.42,,,
17.77,,,
9.95,,,
4.28,,,
8.61,,,
15.64,,,
7.02,,,
55.59,,,
2.24,,,
10.9,,,
26.19,,,
2.83,,,
170.57,,,
34.16,,,
20.49,,,
10.03,,,
21.25,,,
17.92,,,
14.98,,,
5.82,,,
31.13,,,
8.52,,,
23.41,,,
14.77,,,
16.07,,,
29.37,,,
30.79,,,
8.39,,,
23.33,,,
16.02,,,
6.54,,,
9.99,,,
30.67,,,
25.92,,,
16.7,,,
4.11,,,
3.0,,,
1.4,,,
2.93,,,
1.95,,,
12.43,,,
21.06,,,
20.0,,,
15.56,,,
11.73,,,
116.88,,,
8.2,,,
25.46,,,
23.69,,,
1.83,,,
29.34,,,
16.26,,,
20.31,,,
6.49,,,
7.56,,,
24.09,,,
6.46,,,
2.93,,,
1.94,,,
8.41,,,
45.24,,,
5.45,,,
1.53,,,
2.87,,,
24.47,,,
39.1,,,
3.31,,,
22.71,,,
11.52,,,
44.06,,,
6.08,,,
15.46,,,
4.98,,,
6.54,,,
21.8,,,
22.5,,,
8.9,,,
10.04,,,
17.07,,,
2.79,,,
1.94,,,
90.21,,,
41.44,,,
5.25,,,
4.49,,,
17.61,,,
52.52,,,
4.1,,,
17.59,,,
32.62,,,
3.34,,,
17.43,,,
10.41,,,
4.62,,,
1.95,,,
17.91,,,
4.9,,,
3.89,,,
3.66,,,
3.89,,,
4.01,,,
3.17,,,
4.01,,,
3.64,,,
3.33,,,
3.65,,,
3.43,,,
3.65,,,
3.77,,,
3.2,,,
3.18,,,
3.12,,,
2.93,,,
2.78,,,
2.79,,,
2.79,,,
3.3,,,
3.27,,,
13.83,,,
0.99,,,
1.53,,,
3.01,,,
8.5,,,
2.71,,,
2.47,,,
20.61,,,
9.92,,,
17.55,,,
8.19,,,
13.19,,,
7.97,,,
9.79,,,
20.18,,,
17.81,,,
11.98,,,
8.84,,,
34.82,,,
14.2,,,
15.69,,,
7.81,,,
33.54,,,
9.65,,,
50.03,,,
4.34,,,
9.85,,,
30.4,,,
3.02,,,
3.87,,,
57.28,,,
183.61,,,
4.71,,,
37.05,,,
3.53,,,
8.43,,,
8.91,,,
4.35,,,
20.49,,,
16.33,,,
5.11,,,
11.88,,,
26.38,,,
29.49,,,
19.06,,,
1.94,,,
1.9,,,
1.51,,,
6.21,,,
1.52,,,
3.09,,,
1.92,,,
10.15,,,
1.69,,,
0.81,,,
0.81,,,
1.91,,,
12.9,,,
1.89,,,
1.89,,,
1.01,,,
1.9,,,
1.99,,,
1.53,,,
1.91,,,
1.87,,,
2.13,,,
1.68,,,
1.9,,,
13.92,,,
1.92,,,
4.75,,,
2.32,,,
5.52,,,
1.76,,,
1.89,,,
19.55,,,
1.78,,,
2.14,,,
1.9,,,
7.79,,,
58.3,,,
1.53,,,
14.12,,,
12.64,,,
18.09,,,
9.65,,,
13.91,,,
35.98,,,
8.26,,,
10.1,,,
16.44,,,
16.05,,,
6.81,,,
14.22,,,
5.18,,,
11.86,,,
8.74,,,
11.06,,,
33.98,,,
7.69,,,
4.76,,,
8.51,,,
2.03,,,
11.45,,,
14.44,,,
44.44,,,
5.05,,,
19.2,,,
11.72,,,
13.65,,,
1.97,,,
12.77,,,
16.3,,,
6.34,,,
4.61,,,
7.68,,,
8.64,,,
5.05,,,
0.51,,,
9.75,,,
30.44,,,
1.75,,,
56.73,,,
2.45,,,
14.31,,,
49.63,,,
7.09,,,
13.34,,,
9.01,,,
8.52,,,
18.2,,,
19.78,,,
172.8,,,
2.0,,,
5.22,,,
7.66,,,
11.65,,,
13.28,,,
36.69,,,
6.36,,,
1.28,,,
19.57,,,
2.14,,,
4.12,,,
17.04,,,
3.15,,,
2.2,,,
5.75,,,
7.01,,,
10.4,,,
14.03,,,
12.27,,,
6.53,,,
10.71,,,
17.68,,,
10.73,,,
12.53,,,
15.49,,,
15.04,,,
13.25,,,
31.66,,,
16.63,,,
45.34,,,
11.5,,,
7.51,,,
2.17,,,
8.44,,,
11.59,,,
5.05,,,
13.49,,,
11.44,,,
10.75,,,
19.99,,,
145.82,,,
97.65,,,
9.28,,,
2.79,,,
9.93,,,
13.67,,,
3.21,,,
11.11,,,
9.48,,,
28.21,,,
6.61,,,
41.86,,,
11.06,,,
2.76,,,
16.61,,,
2.5,,,
34.75,,,
11.35,,,
10.95,,,
40.44,,,
11.56,,,
16.75,,,
1.17,,,
34.14,,,
10.89,,,
19.74,,,
2.99,,,
16.28,,,
2.88,,,
5.4,,,
6.09,,,
10.14,,,
8.25,,,
5.58,,,
38.12,,,
8.87,,,
15.95,,,
43.01,,,
4.11,,,
16.15,,,
13.79,,,
16.43,,,
7.39,,,
39.09,,,
14.42,,,
6.35,,,
4.88,,,
10.09,,,
10.53,,,
8.03,,,
14.04,,,
16.65,,,
14.51,,,
56.16,,,
14.8,,,
4.59,,,
8.77,,,
12.49,,,
5.51,,,
15.15,,,
50.55,,,
14.91,,,
6.34,,,
26.23,,,
52.77,,,
3.44,,,
10.74,,,
9.82,,,
7.4,,,
17.05,,,
32.99,,,
6.77,,,
12.57,,,
6.3,,,
35.0,,,
3.8,,,
16.23,,,
8.72,,,
3.67,,,
3.67,,,
14.16,,,
23.62,,,
40.64,,,
24.54,,,
20.26,,,
12.96,,,
10.96,,,
14.54,,,
45.18,,,
23.97,,,
4.36,,,
9.95,,,
23.28,,,
40.01,,,
11.6,,,
10.41,,,
48.38,,,
4.33,,,
16.34,,,
5.49,,,
9.37,,,
6.87,,,
8.91,,,
2.61,,,
2.55,,,
21.71,,,
14.26,,,
19.55,,,
29.31,,,
7.0,,,
1.58,,,
2.01,,,
22.26,,,
15.09,,,
25.91,,,
1.44,,,
18.08,,,
2.27,,,
48.26,,,
5.54,,,
11.07,,,
9.39,,,
22.98,,,
6.48,,,
5.58,,,
14.22,,,
1.7,,,
6.96,,,
10.07,,,
7.1,,,
3.83,,,
48.39,,,
2.42,,,
5.35,,,
8.74,,,
120.58,,,
2.84,,,
13.88,,,
2.2,,,
6.21,,,
29.33,,,
6.78,,,
3.57,,,
12.68,,,
3.58,,,
14.07,,,
14.06,,,
10.83,,,
5.61,,,
41.8,,,
15.58,,,
4.23,,,
13.84,,,
1.36,,,
33.95,,,
4.35,,,
15.17,,,
8.96,,,
10.92,,,
7.58,,,
8.29,,,
20.25,,,
2.7,,,
25.96,,,
20.36,,,
9.19,,,
121.91,,,
4.32,,,
24.13,,,
8.36,,,
9.56,,,
14.62,,,
9.35,,,
29.91,,,
10.33,,,
18.04,,,
25.07,,,
3.42,,,
16.73,,,
4.74,,,
1.52,,,
14.11,,,
8.95,,,
5.29,,,
1.98,,,
2.65,,,
16.81,,,
12.84,,,
1.36,,,
2.9,,,
11.28,,,
2.81,,,
5.16,,,
12.35,,,
13.61,,,
27.6,,,
